101.97062  101.81464
167.7842   102.20011
233.51198  101.80129
299.4804   101.821304
365.34464  101.89763
431.34677  102.20421
497.06433  101.68491
101.9381   167.76044
167.72296  167.8817
233.53123  168.09457
299.4663   167.89478
365.44785  167.81993
431.3179   167.61548
496.95724  167.67838
101.82289  233.6959
167.79456  233.31598
233.55511  233.58151
299.4207   233.47214
365.45483  233.56068
431.28812  233.60762
497.13657  233.74062
101.88363  299.19797
167.73453  299.58664
233.56876  299.45837
299.51657  299.54575
365.4016   299.57367
431.25317  299.45566
497.0172   299.5348
101.84847  365.605
167.69359  365.14706
233.62473  365.40732
299.41553  365.32297
365.38696  365.42963
431.28296  365.4254
497.05212  365.45905
101.875374 430.7658
167.74492  431.2799
233.55402  431.15884
299.5303   431.23672
365.4086   431.25406
431.25583  431.1515
497.0343   431.17075
101.83328  497.0495
167.66228  496.81693
233.67291  497.20645
299.4662   496.999
365.3249   497.29886
431.31192  497.35767
497.05057  497.21844
